3589
702
5
2234
553
5
2498
971
5
2203
1893
5
1744
259
5
126
1388
5
2412
1846
5
145
377
5
608
49
5
2018
1596
5
3496
417
5
2173
1342
5
1361
312
5
1522
900
5
1350
1511
5
1276
1943
5
2209
838
5
2710
1203
5
2815
1814
5
1120
1250
5
1354
944
5
340
2139
5
809
1585
5
799
584
8
1638
77
6
3400
1161
6
2643
1421
6
2830
1274
6
1716
1059
6
3417
900
6
596
1105
6
2108
654
6
3083
1589
6
461
2055
6
338
1684
6
3680
31
6
3212
1992
6
3623
1604
6
2730
1977
6
1674
2018
7
1053
79
7
1808
1219
7
108
760
7
3545
1945
7
2605
302
7
1451
1788
7
3647
1877
7
275
1582
8
